{
 "cells": [
  {
   "cell_type": "code",
   "execution_count": 1,
   "metadata": {},
   "outputs": [],
   "source": [
    "import numpy as np\n",
    "import pandas as pd\n",
    "from numpy import *\n",
    "import math"
   ]
  },
  {
   "cell_type": "code",
   "execution_count": 2,
   "metadata": {
    "scrolled": true
   },
   "outputs": [
    {
     "data": {
      "text/html": [
       "<div>\n",
       "<style scoped>\n",
       "    .dataframe tbody tr th:only-of-type {\n",
       "        vertical-align: middle;\n",
       "    }\n",
       "\n",
       "    .dataframe tbody tr th {\n",
       "        vertical-align: top;\n",
       "    }\n",
       "\n",
       "    .dataframe thead th {\n",
       "        text-align: right;\n",
       "    }\n",
       "</style>\n",
       "<table border=\"1\" class=\"dataframe\">\n",
       "  <thead>\n",
       "    <tr style=\"text-align: right;\">\n",
       "      <th></th>\n",
       "      <th>one_hot</th>\n",
       "      <th>one_hot.1</th>\n",
       "      <th>one_hot.2</th>\n",
       "      <th>attribute</th>\n",
       "      <th>attribute.1</th>\n",
       "      <th>attribute.2</th>\n",
       "      <th>attribute.3</th>\n",
       "      <th>attribute.4</th>\n",
       "      <th>attribute.5</th>\n",
       "      <th>attribute.6</th>\n",
       "    </tr>\n",
       "  </thead>\n",
       "  <tbody>\n",
       "    <tr>\n",
       "      <td>0</td>\n",
       "      <td>0</td>\n",
       "      <td>0</td>\n",
       "      <td>1</td>\n",
       "      <td>15.26</td>\n",
       "      <td>14.84</td>\n",
       "      <td>0.8710</td>\n",
       "      <td>5.763</td>\n",
       "      <td>3.312</td>\n",
       "      <td>2.221</td>\n",
       "      <td>5.220</td>\n",
       "    </tr>\n",
       "    <tr>\n",
       "      <td>1</td>\n",
       "      <td>0</td>\n",
       "      <td>0</td>\n",
       "      <td>1</td>\n",
       "      <td>14.88</td>\n",
       "      <td>14.57</td>\n",
       "      <td>0.8811</td>\n",
       "      <td>5.554</td>\n",
       "      <td>3.333</td>\n",
       "      <td>1.018</td>\n",
       "      <td>4.956</td>\n",
       "    </tr>\n",
       "    <tr>\n",
       "      <td>2</td>\n",
       "      <td>0</td>\n",
       "      <td>0</td>\n",
       "      <td>1</td>\n",
       "      <td>14.29</td>\n",
       "      <td>14.09</td>\n",
       "      <td>0.9050</td>\n",
       "      <td>5.291</td>\n",
       "      <td>3.337</td>\n",
       "      <td>2.699</td>\n",
       "      <td>4.825</td>\n",
       "    </tr>\n",
       "    <tr>\n",
       "      <td>3</td>\n",
       "      <td>0</td>\n",
       "      <td>0</td>\n",
       "      <td>1</td>\n",
       "      <td>13.84</td>\n",
       "      <td>13.94</td>\n",
       "      <td>0.8955</td>\n",
       "      <td>5.324</td>\n",
       "      <td>3.379</td>\n",
       "      <td>2.259</td>\n",
       "      <td>4.805</td>\n",
       "    </tr>\n",
       "    <tr>\n",
       "      <td>4</td>\n",
       "      <td>0</td>\n",
       "      <td>0</td>\n",
       "      <td>1</td>\n",
       "      <td>16.14</td>\n",
       "      <td>14.99</td>\n",
       "      <td>0.9034</td>\n",
       "      <td>5.658</td>\n",
       "      <td>3.562</td>\n",
       "      <td>1.355</td>\n",
       "      <td>5.175</td>\n",
       "    </tr>\n",
       "    <tr>\n",
       "      <td>...</td>\n",
       "      <td>...</td>\n",
       "      <td>...</td>\n",
       "      <td>...</td>\n",
       "      <td>...</td>\n",
       "      <td>...</td>\n",
       "      <td>...</td>\n",
       "      <td>...</td>\n",
       "      <td>...</td>\n",
       "      <td>...</td>\n",
       "      <td>...</td>\n",
       "    </tr>\n",
       "    <tr>\n",
       "      <td>175</td>\n",
       "      <td>1</td>\n",
       "      <td>0</td>\n",
       "      <td>0</td>\n",
       "      <td>12.80</td>\n",
       "      <td>13.47</td>\n",
       "      <td>0.8860</td>\n",
       "      <td>5.160</td>\n",
       "      <td>3.126</td>\n",
       "      <td>4.873</td>\n",
       "      <td>4.914</td>\n",
       "    </tr>\n",
       "    <tr>\n",
       "      <td>176</td>\n",
       "      <td>1</td>\n",
       "      <td>0</td>\n",
       "      <td>0</td>\n",
       "      <td>12.79</td>\n",
       "      <td>13.53</td>\n",
       "      <td>0.8786</td>\n",
       "      <td>5.224</td>\n",
       "      <td>3.054</td>\n",
       "      <td>5.483</td>\n",
       "      <td>4.958</td>\n",
       "    </tr>\n",
       "    <tr>\n",
       "      <td>177</td>\n",
       "      <td>1</td>\n",
       "      <td>0</td>\n",
       "      <td>0</td>\n",
       "      <td>13.37</td>\n",
       "      <td>13.78</td>\n",
       "      <td>0.8849</td>\n",
       "      <td>5.320</td>\n",
       "      <td>3.128</td>\n",
       "      <td>4.670</td>\n",
       "      <td>5.091</td>\n",
       "    </tr>\n",
       "    <tr>\n",
       "      <td>178</td>\n",
       "      <td>1</td>\n",
       "      <td>0</td>\n",
       "      <td>0</td>\n",
       "      <td>12.62</td>\n",
       "      <td>13.67</td>\n",
       "      <td>0.8481</td>\n",
       "      <td>5.410</td>\n",
       "      <td>2.911</td>\n",
       "      <td>3.306</td>\n",
       "      <td>5.231</td>\n",
       "    </tr>\n",
       "    <tr>\n",
       "      <td>179</td>\n",
       "      <td>1</td>\n",
       "      <td>0</td>\n",
       "      <td>0</td>\n",
       "      <td>12.76</td>\n",
       "      <td>13.38</td>\n",
       "      <td>0.8964</td>\n",
       "      <td>5.073</td>\n",
       "      <td>3.155</td>\n",
       "      <td>2.828</td>\n",
       "      <td>4.830</td>\n",
       "    </tr>\n",
       "  </tbody>\n",
       "</table>\n",
       "<p>180 rows × 10 columns</p>\n",
       "</div>"
      ],
      "text/plain": [
       "     one_hot  one_hot.1  one_hot.2  attribute  attribute.1  attribute.2  \\\n",
       "0          0          0          1      15.26        14.84       0.8710   \n",
       "1          0          0          1      14.88        14.57       0.8811   \n",
       "2          0          0          1      14.29        14.09       0.9050   \n",
       "3          0          0          1      13.84        13.94       0.8955   \n",
       "4          0          0          1      16.14        14.99       0.9034   \n",
       "..       ...        ...        ...        ...          ...          ...   \n",
       "175        1          0          0      12.80        13.47       0.8860   \n",
       "176        1          0          0      12.79        13.53       0.8786   \n",
       "177        1          0          0      13.37        13.78       0.8849   \n",
       "178        1          0          0      12.62        13.67       0.8481   \n",
       "179        1          0          0      12.76        13.38       0.8964   \n",
       "\n",
       "     attribute.3  attribute.4  attribute.5  attribute.6  \n",
       "0          5.763        3.312        2.221        5.220  \n",
       "1          5.554        3.333        1.018        4.956  \n",
       "2          5.291        3.337        2.699        4.825  \n",
       "3          5.324        3.379        2.259        4.805  \n",
       "4          5.658        3.562        1.355        5.175  \n",
       "..           ...          ...          ...          ...  \n",
       "175        5.160        3.126        4.873        4.914  \n",
       "176        5.224        3.054        5.483        4.958  \n",
       "177        5.320        3.128        4.670        5.091  \n",
       "178        5.410        2.911        3.306        5.231  \n",
       "179        5.073        3.155        2.828        4.830  \n",
       "\n",
       "[180 rows x 10 columns]"
      ]
     },
     "execution_count": 2,
     "metadata": {},
     "output_type": "execute_result"
    }
   ],
   "source": [
    "train=pd.read_csv('train.csv')\n",
    "test=pd.read_csv('test.csv')\n",
    "train"
   ]
  },
  {
   "cell_type": "code",
   "execution_count": 3,
   "metadata": {},
   "outputs": [
    {
     "data": {
      "text/plain": [
       "array([[0., 0.],\n",
       "       [0., 0.],\n",
       "       [0., 0.]])"
      ]
     },
     "execution_count": 3,
     "metadata": {},
     "output_type": "execute_result"
    }
   ],
   "source": [
    "stopping_criterion=100\n",
    "w=np.zeros((3,2))\n",
    "num_train=train.size/10\n",
    "num_test = test.size/7\n",
    "w"
   ]
  },
  {
   "cell_type": "code",
   "execution_count": 4,
   "metadata": {},
   "outputs": [],
   "source": [
    "predict=np.zeros((180,3))\n",
    "target=np.zeros((180,3))\n",
    "for i in range (0,180):\n",
    "    for j in range (0,3):\n",
    "        target[i][j]=train.iloc[i][j]"
   ]
  },
  {
   "cell_type": "code",
   "execution_count": 5,
   "metadata": {},
   "outputs": [],
   "source": [
    "def update_predict(predict,w,train):\n",
    "    for i in range (0,180):\n",
    "        numerator=np.zeros((1,3))\n",
    "        for j in range (0,3):\n",
    "            for k in range (0,2):\n",
    "                numerator[0][j]=numerator[0][j]+w[j][k]*train.iloc[i][k+3]     \n",
    "        denominator=0\n",
    "        for j in range (0,3):\n",
    "            denominator=denominator+np.exp(numerator[0][j])\n",
    "        \n",
    "        for j in range (0,3):\n",
    "            predict[i][j]=np.exp(numerator[0][j])/denominator\n",
    "        \n",
    "    return predict\n",
    "\n",
    "def Error_f(predict,target):\n",
    "    error=0\n",
    "    for i in range (0,180):\n",
    "        for j in range (0,3):\n",
    "            error=error+target[i][j]*np.log(predict[i][j])\n",
    "            \n",
    "    return -1*error\n",
    "\n",
    "def d_Error_f(j,predict,target,train_data):\n",
    "    d_error=np.zeros((1,2))\n",
    "    basis=np.zeros((1,2))\n",
    "    for i in range (0,180):\n",
    "        for k in range (0,2):\n",
    "            basis[0][k]=train_data.iloc[i][k+3]\n",
    "            d_error=d_error+ (predict[i][j]-target[i][j] )*basis\n",
    "    return d_error\n",
    "\n",
    "def hessian(j,predict,train_data):\n",
    "    H=np.zeros((2,2))\n",
    "    basis=np.zeros((1,2))\n",
    "    for i in range (0,180):\n",
    "        for k in range (0,2):\n",
    "            basis[0][k]=train_data.iloc[i][k+3]\n",
    "        H=H+(predict[i][j])*(1-predict[i][j])*basis.T.dot(basis)\n",
    "    return H\n",
    "\n",
    "def cal_train_acc(train,predict):\n",
    "    predict_class=np.zeros((180,1))\n",
    "    for i in range(0,180):\n",
    "        if (predict[i][0]>=predict[i][1]) and ((predict[i][0]>=predict[i][2])):\n",
    "            predict_class[i][0]=1\n",
    "        elif (predict[i][1]>=predict[i][0]) and ((predict[i][1]>=predict[i][2])):\n",
    "            predict_class[i][0]=2\n",
    "        elif (predict[i][2]>=predict[i][0]) and ((predict[i][2]>=predict[i][1])):\n",
    "            predict_class[i][0]=3\n",
    "    correct=0\n",
    "    for i in range(0,180):\n",
    "        if (train.loc[i][10]==predict_class[i][0]):\n",
    "            correct=correct+1\n",
    "    return correct/180*100"
   ]
  },
  {
   "cell_type": "code",
   "execution_count": 6,
   "metadata": {},
   "outputs": [
    {
     "data": {
      "text/plain": [
       "array([[0.33333333, 0.33333333, 0.33333333],\n",
       "       [0.33333333, 0.33333333, 0.33333333],\n",
       "       [0.33333333, 0.33333333, 0.33333333],\n",
       "       [0.33333333, 0.33333333, 0.33333333],\n",
       "       [0.33333333, 0.33333333, 0.33333333],\n",
       "       [0.33333333, 0.33333333, 0.33333333],\n",
       "       [0.33333333, 0.33333333, 0.33333333],\n",
       "       [0.33333333, 0.33333333, 0.33333333],\n",
       "       [0.33333333, 0.33333333, 0.33333333],\n",
       "       [0.33333333, 0.33333333, 0.33333333],\n",
       "       [0.33333333, 0.33333333, 0.33333333],\n",
       "       [0.33333333, 0.33333333, 0.33333333],\n",
       "       [0.33333333, 0.33333333, 0.33333333],\n",
       "       [0.33333333, 0.33333333, 0.33333333],\n",
       "       [0.33333333, 0.33333333, 0.33333333],\n",
       "       [0.33333333, 0.33333333, 0.33333333],\n",
       "       [0.33333333, 0.33333333, 0.33333333],\n",
       "       [0.33333333, 0.33333333, 0.33333333],\n",
       "       [0.33333333, 0.33333333, 0.33333333],\n",
       "       [0.33333333, 0.33333333, 0.33333333],\n",
       "       [0.33333333, 0.33333333, 0.33333333],\n",
       "       [0.33333333, 0.33333333, 0.33333333],\n",
       "       [0.33333333, 0.33333333, 0.33333333],\n",
       "       [0.33333333, 0.33333333, 0.33333333],\n",
       "       [0.33333333, 0.33333333, 0.33333333],\n",
       "       [0.33333333, 0.33333333, 0.33333333],\n",
       "       [0.33333333, 0.33333333, 0.33333333],\n",
       "       [0.33333333, 0.33333333, 0.33333333],\n",
       "       [0.33333333, 0.33333333, 0.33333333],\n",
       "       [0.33333333, 0.33333333, 0.33333333],\n",
       "       [0.33333333, 0.33333333, 0.33333333],\n",
       "       [0.33333333, 0.33333333, 0.33333333],\n",
       "       [0.33333333, 0.33333333, 0.33333333],\n",
       "       [0.33333333, 0.33333333, 0.33333333],\n",
       "       [0.33333333, 0.33333333, 0.33333333],\n",
       "       [0.33333333, 0.33333333, 0.33333333],\n",
       "       [0.33333333, 0.33333333, 0.33333333],\n",
       "       [0.33333333, 0.33333333, 0.33333333],\n",
       "       [0.33333333, 0.33333333, 0.33333333],\n",
       "       [0.33333333, 0.33333333, 0.33333333],\n",
       "       [0.33333333, 0.33333333, 0.33333333],\n",
       "       [0.33333333, 0.33333333, 0.33333333],\n",
       "       [0.33333333, 0.33333333, 0.33333333],\n",
       "       [0.33333333, 0.33333333, 0.33333333],\n",
       "       [0.33333333, 0.33333333, 0.33333333],\n",
       "       [0.33333333, 0.33333333, 0.33333333],\n",
       "       [0.33333333, 0.33333333, 0.33333333],\n",
       "       [0.33333333, 0.33333333, 0.33333333],\n",
       "       [0.33333333, 0.33333333, 0.33333333],\n",
       "       [0.33333333, 0.33333333, 0.33333333],\n",
       "       [0.33333333, 0.33333333, 0.33333333],\n",
       "       [0.33333333, 0.33333333, 0.33333333],\n",
       "       [0.33333333, 0.33333333, 0.33333333],\n",
       "       [0.33333333, 0.33333333, 0.33333333],\n",
       "       [0.33333333, 0.33333333, 0.33333333],\n",
       "       [0.33333333, 0.33333333, 0.33333333],\n",
       "       [0.33333333, 0.33333333, 0.33333333],\n",
       "       [0.33333333, 0.33333333, 0.33333333],\n",
       "       [0.33333333, 0.33333333, 0.33333333],\n",
       "       [0.33333333, 0.33333333, 0.33333333],\n",
       "       [0.33333333, 0.33333333, 0.33333333],\n",
       "       [0.33333333, 0.33333333, 0.33333333],\n",
       "       [0.33333333, 0.33333333, 0.33333333],\n",
       "       [0.33333333, 0.33333333, 0.33333333],\n",
       "       [0.33333333, 0.33333333, 0.33333333],\n",
       "       [0.33333333, 0.33333333, 0.33333333],\n",
       "       [0.33333333, 0.33333333, 0.33333333],\n",
       "       [0.33333333, 0.33333333, 0.33333333],\n",
       "       [0.33333333, 0.33333333, 0.33333333],\n",
       "       [0.33333333, 0.33333333, 0.33333333],\n",
       "       [0.33333333, 0.33333333, 0.33333333],\n",
       "       [0.33333333, 0.33333333, 0.33333333],\n",
       "       [0.33333333, 0.33333333, 0.33333333],\n",
       "       [0.33333333, 0.33333333, 0.33333333],\n",
       "       [0.33333333, 0.33333333, 0.33333333],\n",
       "       [0.33333333, 0.33333333, 0.33333333],\n",
       "       [0.33333333, 0.33333333, 0.33333333],\n",
       "       [0.33333333, 0.33333333, 0.33333333],\n",
       "       [0.33333333, 0.33333333, 0.33333333],\n",
       "       [0.33333333, 0.33333333, 0.33333333],\n",
       "       [0.33333333, 0.33333333, 0.33333333],\n",
       "       [0.33333333, 0.33333333, 0.33333333],\n",
       "       [0.33333333, 0.33333333, 0.33333333],\n",
       "       [0.33333333, 0.33333333, 0.33333333],\n",
       "       [0.33333333, 0.33333333, 0.33333333],\n",
       "       [0.33333333, 0.33333333, 0.33333333],\n",
       "       [0.33333333, 0.33333333, 0.33333333],\n",
       "       [0.33333333, 0.33333333, 0.33333333],\n",
       "       [0.33333333, 0.33333333, 0.33333333],\n",
       "       [0.33333333, 0.33333333, 0.33333333],\n",
       "       [0.33333333, 0.33333333, 0.33333333],\n",
       "       [0.33333333, 0.33333333, 0.33333333],\n",
       "       [0.33333333, 0.33333333, 0.33333333],\n",
       "       [0.33333333, 0.33333333, 0.33333333],\n",
       "       [0.33333333, 0.33333333, 0.33333333],\n",
       "       [0.33333333, 0.33333333, 0.33333333],\n",
       "       [0.33333333, 0.33333333, 0.33333333],\n",
       "       [0.33333333, 0.33333333, 0.33333333],\n",
       "       [0.33333333, 0.33333333, 0.33333333],\n",
       "       [0.33333333, 0.33333333, 0.33333333],\n",
       "       [0.33333333, 0.33333333, 0.33333333],\n",
       "       [0.33333333, 0.33333333, 0.33333333],\n",
       "       [0.33333333, 0.33333333, 0.33333333],\n",
       "       [0.33333333, 0.33333333, 0.33333333],\n",
       "       [0.33333333, 0.33333333, 0.33333333],\n",
       "       [0.33333333, 0.33333333, 0.33333333],\n",
       "       [0.33333333, 0.33333333, 0.33333333],\n",
       "       [0.33333333, 0.33333333, 0.33333333],\n",
       "       [0.33333333, 0.33333333, 0.33333333],\n",
       "       [0.33333333, 0.33333333, 0.33333333],\n",
       "       [0.33333333, 0.33333333, 0.33333333],\n",
       "       [0.33333333, 0.33333333, 0.33333333],\n",
       "       [0.33333333, 0.33333333, 0.33333333],\n",
       "       [0.33333333, 0.33333333, 0.33333333],\n",
       "       [0.33333333, 0.33333333, 0.33333333],\n",
       "       [0.33333333, 0.33333333, 0.33333333],\n",
       "       [0.33333333, 0.33333333, 0.33333333],\n",
       "       [0.33333333, 0.33333333, 0.33333333],\n",
       "       [0.33333333, 0.33333333, 0.33333333],\n",
       "       [0.33333333, 0.33333333, 0.33333333],\n",
       "       [0.33333333, 0.33333333, 0.33333333],\n",
       "       [0.33333333, 0.33333333, 0.33333333],\n",
       "       [0.33333333, 0.33333333, 0.33333333],\n",
       "       [0.33333333, 0.33333333, 0.33333333],\n",
       "       [0.33333333, 0.33333333, 0.33333333],\n",
       "       [0.33333333, 0.33333333, 0.33333333],\n",
       "       [0.33333333, 0.33333333, 0.33333333],\n",
       "       [0.33333333, 0.33333333, 0.33333333],\n",
       "       [0.33333333, 0.33333333, 0.33333333],\n",
       "       [0.33333333, 0.33333333, 0.33333333],\n",
       "       [0.33333333, 0.33333333, 0.33333333],\n",
       "       [0.33333333, 0.33333333, 0.33333333],\n",
       "       [0.33333333, 0.33333333, 0.33333333],\n",
       "       [0.33333333, 0.33333333, 0.33333333],\n",
       "       [0.33333333, 0.33333333, 0.33333333],\n",
       "       [0.33333333, 0.33333333, 0.33333333],\n",
       "       [0.33333333, 0.33333333, 0.33333333],\n",
       "       [0.33333333, 0.33333333, 0.33333333],\n",
       "       [0.33333333, 0.33333333, 0.33333333],\n",
       "       [0.33333333, 0.33333333, 0.33333333],\n",
       "       [0.33333333, 0.33333333, 0.33333333],\n",
       "       [0.33333333, 0.33333333, 0.33333333],\n",
       "       [0.33333333, 0.33333333, 0.33333333],\n",
       "       [0.33333333, 0.33333333, 0.33333333],\n",
       "       [0.33333333, 0.33333333, 0.33333333],\n",
       "       [0.33333333, 0.33333333, 0.33333333],\n",
       "       [0.33333333, 0.33333333, 0.33333333],\n",
       "       [0.33333333, 0.33333333, 0.33333333],\n",
       "       [0.33333333, 0.33333333, 0.33333333],\n",
       "       [0.33333333, 0.33333333, 0.33333333],\n",
       "       [0.33333333, 0.33333333, 0.33333333],\n",
       "       [0.33333333, 0.33333333, 0.33333333],\n",
       "       [0.33333333, 0.33333333, 0.33333333],\n",
       "       [0.33333333, 0.33333333, 0.33333333],\n",
       "       [0.33333333, 0.33333333, 0.33333333],\n",
       "       [0.33333333, 0.33333333, 0.33333333],\n",
       "       [0.33333333, 0.33333333, 0.33333333],\n",
       "       [0.33333333, 0.33333333, 0.33333333],\n",
       "       [0.33333333, 0.33333333, 0.33333333],\n",
       "       [0.33333333, 0.33333333, 0.33333333],\n",
       "       [0.33333333, 0.33333333, 0.33333333],\n",
       "       [0.33333333, 0.33333333, 0.33333333],\n",
       "       [0.33333333, 0.33333333, 0.33333333],\n",
       "       [0.33333333, 0.33333333, 0.33333333],\n",
       "       [0.33333333, 0.33333333, 0.33333333],\n",
       "       [0.33333333, 0.33333333, 0.33333333],\n",
       "       [0.33333333, 0.33333333, 0.33333333],\n",
       "       [0.33333333, 0.33333333, 0.33333333],\n",
       "       [0.33333333, 0.33333333, 0.33333333],\n",
       "       [0.33333333, 0.33333333, 0.33333333],\n",
       "       [0.33333333, 0.33333333, 0.33333333],\n",
       "       [0.33333333, 0.33333333, 0.33333333],\n",
       "       [0.33333333, 0.33333333, 0.33333333],\n",
       "       [0.33333333, 0.33333333, 0.33333333],\n",
       "       [0.33333333, 0.33333333, 0.33333333],\n",
       "       [0.33333333, 0.33333333, 0.33333333],\n",
       "       [0.33333333, 0.33333333, 0.33333333],\n",
       "       [0.33333333, 0.33333333, 0.33333333],\n",
       "       [0.33333333, 0.33333333, 0.33333333],\n",
       "       [0.33333333, 0.33333333, 0.33333333]])"
      ]
     },
     "execution_count": 6,
     "metadata": {},
     "output_type": "execute_result"
    }
   ],
   "source": [
    "update_predict(predict,w,train)"
   ]
  },
  {
   "cell_type": "code",
   "execution_count": 7,
   "metadata": {},
   "outputs": [
    {
     "name": "stdout",
     "output_type": "stream",
     "text": [
      "iteration: 1   error: 98.66278829326836\n",
      "[[-2.0447622   2.09826375]\n",
      " [ 2.18185152 -2.23585912]\n",
      " [-0.13708931  0.13759537]]\n",
      "98.66278829326836\n"
     ]
    }
   ],
   "source": [
    "error=10000000000000\n",
    "iteration=1\n",
    "while error>100:\n",
    "    ##w_new0=np.zeros((1,7))\n",
    "    ##w_new1=np.zeros((1,7))\n",
    "    ##w_new2=np.zeros((1,7))\n",
    "    w_old0=w[0][:].copy()\n",
    "    w_old1=w[1][:].copy()\n",
    "    w_old2=w[2][:].copy()\n",
    "    \n",
    "    w[0][:] = w_old0-d_Error_f(0,predict,target,train).dot( np.linalg.pinv(hessian(0,predict,train).T) )\n",
    "    w[1][:] = w_old1-d_Error_f(1,predict,target,train).dot( np.linalg.pinv(hessian(1,predict,train).T) )\n",
    "    w[2][:] = w_old2-d_Error_f(2,predict,target,train).dot( np.linalg.pinv(hessian(2,predict,train).T) )\n",
    "    \n",
    "    predict=update_predict(predict,w,train)\n",
    "    error=Error_f(predict,target)\n",
    "    print(\"iteration:\",iteration,\"  error:\",error)\n",
    "    iteration=iteration+1\n",
    "    print(w)\n",
    "print(error)   "
   ]
  },
  {
   "cell_type": "code",
   "execution_count": 8,
   "metadata": {},
   "outputs": [
    {
     "data": {
      "text/plain": [
       "array([[3.11353081e-01, 3.72661158e-01, 3.15985760e-01],\n",
       "       [3.83339960e-01, 2.96712657e-01, 3.19947383e-01],\n",
       "       [4.53298572e-01, 2.32077149e-01, 3.14624279e-01],\n",
       "       [6.48865176e-01, 9.50008708e-02, 2.56133953e-01],\n",
       "       [3.24479987e-02, 8.36044982e-01, 1.31507019e-01],\n",
       "       [4.76976816e-01, 2.12360908e-01, 3.10662276e-01],\n",
       "       [4.60841577e-01, 2.26007802e-01, 3.13150621e-01],\n",
       "       [5.84148664e-01, 1.33826296e-01, 2.82025040e-01],\n",
       "       [3.14824223e-02, 8.39222605e-01, 1.29294973e-01],\n",
       "       [2.85837297e-02, 8.48095702e-01, 1.23320568e-01],\n",
       "       [3.18337948e-01, 3.64860222e-01, 3.16801830e-01],\n",
       "       [6.69154265e-01, 8.42868030e-02, 2.46558932e-01],\n",
       "       [6.67076765e-01, 8.52993719e-02, 2.47623863e-01],\n",
       "       [7.43062361e-01, 5.01866729e-02, 2.06750966e-01],\n",
       "       [7.56163492e-01, 4.50378762e-02, 1.98798632e-01],\n",
       "       [3.77916228e-01, 3.01778158e-01, 3.20305613e-01],\n",
       "       [4.76962422e-01, 2.12054727e-01, 3.10982852e-01],\n",
       "       [6.83368125e-02, 7.43750454e-01, 1.87912734e-01],\n",
       "       [2.55037792e-01, 4.39108910e-01, 3.05853298e-01],\n",
       "       [9.06895691e-01, 5.80376380e-03, 8.73005457e-02],\n",
       "       [7.28835211e-01, 5.62006675e-02, 2.14964122e-01],\n",
       "       [6.81520217e-01, 7.80424889e-02, 2.40437294e-01],\n",
       "       [6.01449806e-02, 7.62767397e-01, 1.77087622e-01],\n",
       "       [9.45922159e-01, 1.76686798e-03, 5.23109729e-02],\n",
       "       [4.30032819e-01, 2.53073493e-01, 3.16893688e-01],\n",
       "       [5.14684995e-02, 7.84105366e-01, 1.64426134e-01],\n",
       "       [8.86893569e-01, 8.85254472e-03, 1.04253886e-01],\n",
       "       [9.20203559e-01, 4.15450834e-03, 7.56419331e-02],\n",
       "       [6.35050066e-01, 1.02859210e-01, 2.62090724e-01],\n",
       "       [8.47266724e-01, 1.68705158e-02, 1.35862761e-01],\n",
       "       [8.69260556e-01, 1.20890663e-02, 1.18650378e-01],\n",
       "       [2.30154742e-01, 4.72105629e-01, 2.97739629e-01],\n",
       "       [7.64531488e-01, 4.19945563e-02, 1.93473956e-01],\n",
       "       [7.21104095e-01, 5.94572591e-02, 2.19438646e-01],\n",
       "       [3.42921268e-01, 3.38022907e-01, 3.19055825e-01],\n",
       "       [3.63659001e-02, 8.24520225e-01, 1.39113875e-01],\n",
       "       [7.41266324e-02, 7.31327188e-01, 1.94546180e-01],\n",
       "       [3.77469456e-03, 9.53435804e-01, 4.27895012e-02],\n",
       "       [4.03907403e-01, 2.76885666e-01, 3.19206930e-01],\n",
       "       [5.18379075e-01, 1.79869153e-01, 3.01751772e-01],\n",
       "       [7.53828752e-01, 4.58746772e-02, 2.00296570e-01],\n",
       "       [7.70668659e-01, 3.96044714e-02, 1.89726869e-01],\n",
       "       [7.83347784e-01, 3.51086823e-02, 1.81543534e-01],\n",
       "       [1.79561885e-01, 5.43465785e-01, 2.76972330e-01],\n",
       "       [2.12628857e-01, 4.95483968e-01, 2.91887175e-01],\n",
       "       [7.24230315e-01, 5.80493625e-02, 2.17720322e-01],\n",
       "       [1.99194100e-01, 5.14611854e-01, 2.86194045e-01],\n",
       "       [2.99703764e-01, 3.85640365e-01, 3.14655872e-01],\n",
       "       [4.11097802e-01, 2.70151800e-01, 3.18750398e-01],\n",
       "       [4.71371942e-01, 2.17357807e-01, 3.11270251e-01],\n",
       "       [5.76351058e-01, 1.39126506e-01, 2.84522436e-01],\n",
       "       [8.81533688e-02, 7.01534911e-01, 2.10311720e-01],\n",
       "       [6.70285212e-01, 8.39147172e-02, 2.45800071e-01],\n",
       "       [5.61095458e-01, 1.49304986e-01, 2.89599556e-01],\n",
       "       [6.47496733e-01, 9.60963265e-02, 2.56406941e-01],\n",
       "       [4.23021561e-01, 2.59415909e-01, 3.17562530e-01],\n",
       "       [5.21671911e-01, 1.77542515e-01, 3.00785574e-01],\n",
       "       [2.58608972e-01, 4.34849884e-01, 3.06541144e-01],\n",
       "       [1.93957720e-01, 5.22154986e-01, 2.83887293e-01],\n",
       "       [9.64015055e-01, 7.22356879e-04, 3.52625877e-02],\n",
       "       [4.93390600e-03, 9.45815406e-01, 4.92506879e-02],\n",
       "       [3.21303545e-02, 8.37374087e-01, 1.30495558e-01],\n",
       "       [7.83533179e-03, 9.29125029e-01, 6.30396388e-02],\n",
       "       [3.35978042e-05, 9.96705948e-01, 3.26045427e-03],\n",
       "       [1.84286066e-02, 8.82978851e-01, 9.85925427e-02],\n",
       "       [3.44849941e-02, 8.30341582e-01, 1.35173424e-01],\n",
       "       [1.29236040e-02, 9.05158624e-01, 8.19177719e-02],\n",
       "       [2.60771652e-06, 9.99197830e-01, 7.99562205e-04],\n",
       "       [1.85788071e-04, 9.91510071e-01, 8.30414113e-03],\n",
       "       [6.53875129e-03, 9.36137626e-01, 5.73236231e-02],\n",
       "       [2.88361394e-02, 8.47346276e-01, 1.23817585e-01],\n",
       "       [1.28483631e-04, 9.93074650e-01, 6.79686645e-03],\n",
       "       [5.15557725e-06, 9.98831118e-01, 1.16372641e-03],\n",
       "       [3.84880263e-05, 9.96456613e-01, 3.50489904e-03],\n",
       "       [4.35395153e-05, 9.96206133e-01, 3.75032734e-03],\n",
       "       [5.53106881e-04, 9.84360013e-01, 1.50868797e-02],\n",
       "       [8.86088689e-05, 9.94366522e-01, 5.54486906e-03],\n",
       "       [3.26744911e-04, 9.88378700e-01, 1.12945552e-02],\n",
       "       [3.28187443e-07, 9.99743144e-01, 2.56528214e-04],\n",
       "       [5.82898933e-07, 9.99647614e-01, 3.51803446e-04],\n",
       "       [1.21271798e-05, 9.98128641e-01, 1.85923156e-03],\n",
       "       [1.13357529e-04, 9.93540119e-01, 6.34652365e-03],\n",
       "       [1.35451563e-04, 9.92871630e-01, 6.99291859e-03],\n",
       "       [1.21352261e-04, 9.93286667e-01, 6.59198055e-03],\n",
       "       [2.38813070e-03, 9.64325647e-01, 3.32862227e-02],\n",
       "       [2.64994698e-02, 8.54977622e-01, 1.18522908e-01],\n",
       "       [6.02284871e-05, 9.95457790e-01, 4.48198164e-03],\n",
       "       [2.21714212e-04, 9.90635269e-01, 9.14301652e-03],\n",
       "       [1.73804387e-03, 9.70191747e-01, 2.80702095e-02],\n",
       "       [2.45402637e-04, 9.90080420e-01, 9.67417727e-03],\n",
       "       [3.20394457e-02, 8.37419577e-01, 1.30540978e-01],\n",
       "       [6.65407261e-04, 9.82633422e-01, 1.67011706e-02],\n",
       "       [2.16725918e-05, 9.97416862e-01, 2.56146492e-03],\n",
       "       [1.23807567e-04, 9.93228804e-01, 6.64738870e-03],\n",
       "       [1.31688548e-04, 9.92986301e-01, 6.88201070e-03],\n",
       "       [1.24512957e-04, 9.93197296e-01, 6.67819099e-03],\n",
       "       [6.81508716e-05, 9.95127147e-01, 4.80470175e-03],\n",
       "       [2.97530213e-03, 9.59446721e-01, 3.75779771e-02],\n",
       "       [1.75998546e-05, 9.97701378e-01, 2.28102254e-03],\n",
       "       [2.98914689e-04, 9.88921070e-01, 1.07800149e-02],\n",
       "       [2.95736573e-04, 9.88982192e-01, 1.07220716e-02],\n",
       "       [7.86489703e-05, 9.94737415e-01, 5.18393584e-03],\n",
       "       [3.83358475e-05, 9.96457643e-01, 3.50402141e-03],\n",
       "       [1.34396182e-04, 9.92912459e-01, 6.95314511e-03],\n",
       "       [9.47982075e-07, 9.99540097e-01, 4.58954599e-04],\n",
       "       [9.43234605e-05, 9.94172756e-01, 5.73292073e-03],\n",
       "       [4.87959287e-05, 9.95950214e-01, 4.00099015e-03],\n",
       "       [6.45503186e-05, 9.95277242e-01, 4.65820786e-03],\n",
       "       [7.46235200e-05, 9.94877369e-01, 5.04800731e-03],\n",
       "       [1.10379038e-05, 9.98222511e-01, 1.76645067e-03],\n",
       "       [4.74812088e-06, 9.98882996e-01, 1.11225632e-03],\n",
       "       [1.08323834e-03, 9.77176477e-01, 2.17402849e-02],\n",
       "       [1.19146610e-01, 6.42835525e-01, 2.38017865e-01],\n",
       "       [1.68488975e-04, 9.91941067e-01, 7.89044396e-03],\n",
       "       [3.87797528e-02, 8.17590953e-01, 1.43629295e-01],\n",
       "       [1.08449828e-04, 9.93696289e-01, 6.19526133e-03],\n",
       "       [4.45054418e-04, 9.86172115e-01, 1.33828307e-02],\n",
       "       [6.64698797e-04, 9.82643069e-01, 1.66922325e-02],\n",
       "       [1.11931123e-05, 9.98209816e-01, 1.77899094e-03],\n",
       "       [1.77245504e-03, 9.69782954e-01, 2.84445914e-02],\n",
       "       [9.08548057e-01, 5.59962024e-03, 8.58523223e-02],\n",
       "       [8.60109253e-01, 1.39835465e-02, 1.25907200e-01],\n",
       "       [8.57583681e-01, 1.45287839e-02, 1.27887535e-01],\n",
       "       [9.40882539e-01, 2.15011507e-03, 5.69673462e-02],\n",
       "       [9.76153727e-01, 2.90819587e-04, 2.35554539e-02],\n",
       "       [9.87293876e-01, 7.19541827e-05, 1.26341699e-02],\n",
       "       [9.80724063e-01, 1.81128728e-04, 1.90948081e-02],\n",
       "       [9.25142946e-01, 3.60766165e-03, 7.12493925e-02],\n",
       "       [9.31425753e-01, 2.98585520e-03, 6.55883917e-02],\n",
       "       [9.91542438e-01, 2.91358794e-05, 8.42842659e-03],\n",
       "       [9.66207273e-01, 6.27364946e-04, 3.31653624e-02],\n",
       "       [9.72953028e-01, 3.84668024e-04, 2.66623044e-02],\n",
       "       [9.62885905e-01, 7.74256650e-04, 3.63398386e-02],\n",
       "       [9.85695548e-01, 9.34738765e-05, 1.42109785e-02],\n",
       "       [9.80273231e-01, 1.90492924e-04, 1.95362760e-02],\n",
       "       [9.85703068e-01, 9.33741500e-05, 1.42035577e-02],\n",
       "       [9.73054452e-01, 3.79112728e-04, 2.65664355e-02],\n",
       "       [9.77431976e-01, 2.58268935e-04, 2.23097551e-02],\n",
       "       [9.83458714e-01, 1.29567369e-04, 1.64117190e-02],\n",
       "       [9.81873865e-01, 1.58207183e-04, 1.79679283e-02],\n",
       "       [9.45119886e-01, 1.83232972e-03, 5.30477844e-02],\n",
       "       [9.60172917e-01, 9.02264535e-04, 3.89248184e-02],\n",
       "       [9.63902300e-01, 7.26946501e-04, 3.53707540e-02],\n",
       "       [9.32209100e-01, 2.90813509e-03, 6.48827652e-02],\n",
       "       [9.78430719e-01, 2.31539531e-04, 2.13377419e-02],\n",
       "       [9.34505990e-01, 2.68673939e-03, 6.28072705e-02],\n",
       "       [9.46921754e-01, 1.70158703e-03, 5.13766589e-02],\n",
       "       [9.59669027e-01, 9.28664808e-04, 3.94023081e-02],\n",
       "       [9.83107444e-01, 1.35212469e-04, 1.67573439e-02],\n",
       "       [9.82675677e-01, 1.42818607e-04, 1.71815049e-02],\n",
       "       [9.88582845e-01, 5.66965656e-05, 1.13604587e-02],\n",
       "       [9.74363559e-01, 3.40331000e-04, 2.52961100e-02],\n",
       "       [9.80561544e-01, 1.84240822e-04, 1.92542155e-02],\n",
       "       [9.79928084e-01, 1.98007272e-04, 1.98739087e-02],\n",
       "       [9.91393884e-01, 3.02913264e-05, 8.57582452e-03],\n",
       "       [9.82612345e-01, 1.43376450e-04, 1.72442782e-02],\n",
       "       [9.82353818e-01, 1.48775551e-04, 1.74974069e-02],\n",
       "       [9.88637005e-01, 5.59539905e-05, 1.13070409e-02],\n",
       "       [9.75249329e-01, 3.14715960e-04, 2.44359549e-02],\n",
       "       [9.56562111e-01, 1.09380694e-03, 4.23440816e-02],\n",
       "       [9.73668904e-01, 3.60538229e-04, 2.59705576e-02],\n",
       "       [9.22093842e-01, 3.93403765e-03, 7.39721199e-02],\n",
       "       [9.48264098e-01, 1.60507868e-03, 5.01308231e-02],\n",
       "       [9.67184658e-01, 5.87107929e-04, 3.22282343e-02],\n",
       "       [9.12852134e-01, 5.03670889e-03, 8.21111570e-02],\n",
       "       [9.82629649e-01, 1.44094135e-04, 1.72262571e-02],\n",
       "       [9.78766574e-01, 2.25068302e-04, 2.10083575e-02],\n",
       "       [9.86314615e-01, 8.45475112e-05, 1.36008376e-02],\n",
       "       [9.75878352e-01, 2.96637284e-04, 2.38250106e-02],\n",
       "       [9.84049678e-01, 1.18250607e-04, 1.58320714e-02],\n",
       "       [9.85785836e-01, 9.19559497e-05, 1.41222078e-02],\n",
       "       [9.75928831e-01, 2.95379652e-04, 2.37757891e-02],\n",
       "       [9.45330602e-01, 1.80608194e-03, 5.28633159e-02],\n",
       "       [9.89117606e-01, 5.08933655e-05, 1.08315007e-02],\n",
       "       [9.47037328e-01, 1.68846562e-03, 5.12742068e-02],\n",
       "       [8.69363668e-01, 1.20345552e-02, 1.18601777e-01],\n",
       "       [8.85565089e-01, 9.06057909e-03, 1.05374331e-01],\n",
       "       [7.93301279e-01, 3.18747891e-02, 1.74823932e-01],\n",
       "       [9.36241098e-01, 2.54537648e-03, 6.12135258e-02],\n",
       "       [8.56119440e-01, 1.47823957e-02, 1.29098165e-01]])"
      ]
     },
     "execution_count": 8,
     "metadata": {},
     "output_type": "execute_result"
    }
   ],
   "source": [
    "predict"
   ]
  },
  {
   "cell_type": "code",
   "execution_count": 9,
   "metadata": {},
   "outputs": [
    {
     "data": {
      "text/html": [
       "<div>\n",
       "<style scoped>\n",
       "    .dataframe tbody tr th:only-of-type {\n",
       "        vertical-align: middle;\n",
       "    }\n",
       "\n",
       "    .dataframe tbody tr th {\n",
       "        vertical-align: top;\n",
       "    }\n",
       "\n",
       "    .dataframe thead th {\n",
       "        text-align: right;\n",
       "    }\n",
       "</style>\n",
       "<table border=\"1\" class=\"dataframe\">\n",
       "  <thead>\n",
       "    <tr style=\"text-align: right;\">\n",
       "      <th></th>\n",
       "      <th>one_hot</th>\n",
       "      <th>one_hot.1</th>\n",
       "      <th>one_hot.2</th>\n",
       "      <th>attribute</th>\n",
       "      <th>attribute.1</th>\n",
       "      <th>attribute.2</th>\n",
       "      <th>attribute.3</th>\n",
       "      <th>attribute.4</th>\n",
       "      <th>attribute.5</th>\n",
       "      <th>attribute.6</th>\n",
       "      <th>class</th>\n",
       "    </tr>\n",
       "  </thead>\n",
       "  <tbody>\n",
       "    <tr>\n",
       "      <td>0</td>\n",
       "      <td>0</td>\n",
       "      <td>0</td>\n",
       "      <td>1</td>\n",
       "      <td>15.26</td>\n",
       "      <td>14.84</td>\n",
       "      <td>0.8710</td>\n",
       "      <td>5.763</td>\n",
       "      <td>3.312</td>\n",
       "      <td>2.221</td>\n",
       "      <td>5.220</td>\n",
       "      <td>3.0</td>\n",
       "    </tr>\n",
       "    <tr>\n",
       "      <td>1</td>\n",
       "      <td>0</td>\n",
       "      <td>0</td>\n",
       "      <td>1</td>\n",
       "      <td>14.88</td>\n",
       "      <td>14.57</td>\n",
       "      <td>0.8811</td>\n",
       "      <td>5.554</td>\n",
       "      <td>3.333</td>\n",
       "      <td>1.018</td>\n",
       "      <td>4.956</td>\n",
       "      <td>3.0</td>\n",
       "    </tr>\n",
       "    <tr>\n",
       "      <td>2</td>\n",
       "      <td>0</td>\n",
       "      <td>0</td>\n",
       "      <td>1</td>\n",
       "      <td>14.29</td>\n",
       "      <td>14.09</td>\n",
       "      <td>0.9050</td>\n",
       "      <td>5.291</td>\n",
       "      <td>3.337</td>\n",
       "      <td>2.699</td>\n",
       "      <td>4.825</td>\n",
       "      <td>3.0</td>\n",
       "    </tr>\n",
       "    <tr>\n",
       "      <td>3</td>\n",
       "      <td>0</td>\n",
       "      <td>0</td>\n",
       "      <td>1</td>\n",
       "      <td>13.84</td>\n",
       "      <td>13.94</td>\n",
       "      <td>0.8955</td>\n",
       "      <td>5.324</td>\n",
       "      <td>3.379</td>\n",
       "      <td>2.259</td>\n",
       "      <td>4.805</td>\n",
       "      <td>3.0</td>\n",
       "    </tr>\n",
       "    <tr>\n",
       "      <td>4</td>\n",
       "      <td>0</td>\n",
       "      <td>0</td>\n",
       "      <td>1</td>\n",
       "      <td>16.14</td>\n",
       "      <td>14.99</td>\n",
       "      <td>0.9034</td>\n",
       "      <td>5.658</td>\n",
       "      <td>3.562</td>\n",
       "      <td>1.355</td>\n",
       "      <td>5.175</td>\n",
       "      <td>3.0</td>\n",
       "    </tr>\n",
       "    <tr>\n",
       "      <td>...</td>\n",
       "      <td>...</td>\n",
       "      <td>...</td>\n",
       "      <td>...</td>\n",
       "      <td>...</td>\n",
       "      <td>...</td>\n",
       "      <td>...</td>\n",
       "      <td>...</td>\n",
       "      <td>...</td>\n",
       "      <td>...</td>\n",
       "      <td>...</td>\n",
       "      <td>...</td>\n",
       "    </tr>\n",
       "    <tr>\n",
       "      <td>175</td>\n",
       "      <td>1</td>\n",
       "      <td>0</td>\n",
       "      <td>0</td>\n",
       "      <td>12.80</td>\n",
       "      <td>13.47</td>\n",
       "      <td>0.8860</td>\n",
       "      <td>5.160</td>\n",
       "      <td>3.126</td>\n",
       "      <td>4.873</td>\n",
       "      <td>4.914</td>\n",
       "      <td>1.0</td>\n",
       "    </tr>\n",
       "    <tr>\n",
       "      <td>176</td>\n",
       "      <td>1</td>\n",
